#
#
#  Percent Identity  Matrix - created by Clustal2.1 
#
#

     1: ref|NR_108580.1  100.00   96.78   96.78   90.54   90.55   90.61   89.08   90.34   90.38   90.55   90.50   91.32   90.98   91.36   91.36   89.71   90.47   90.47   90.38
     2: gb|JQ396615.1     96.78  100.00   99.66   90.84   90.78   90.83   89.49   90.66   90.74   90.73   90.68   91.88   91.32   91.92   91.92   90.43   91.69   91.76   91.16
     3: emb|AJ585985.1    96.78   99.66  100.00   90.72   90.73   90.78   89.57   90.80   90.88   90.86   90.81   91.88   91.32   91.74   91.74   90.24   91.63   91.71   91.32
     4: ref|NR_117835.1   90.54   90.84   90.72  100.00   93.81   92.98   90.64   91.99   92.04   92.14   92.08   91.79   91.62   91.95   91.95   91.62   92.53   92.33   91.88
     5: ref|NR_044497.1   90.55   90.78   90.73   93.81  100.00   97.75   90.38   91.79   91.83   91.79   91.81   93.33   93.25   93.04   93.04   91.55   92.33   92.54   92.30
     6: gb|KU042972.2     90.61   90.83   90.78   92.98   97.75  100.00   90.16   91.64   91.68   91.86   91.74   93.32   93.25   93.45   93.45   91.41   91.98   92.19   92.02
     7: gb|HQ876598.1     89.08   89.49   89.57   90.64   90.38   90.16  100.00   98.42   98.42   98.34   98.41   91.60   91.24   91.58   91.58   91.47   92.51   92.78   92.21
     8: ref|NR_043282.1   90.34   90.66   90.80   91.99   91.79   91.64   98.42  100.00  100.00   99.93  100.00   92.81   92.63   92.81   92.81   92.82   93.78   94.00   93.87
     9: gb|JN082263.1     90.38   90.74   90.88   92.04   91.83   91.68   98.42  100.00  100.00   99.93  100.00   92.91   92.70   92.86   92.86   92.73   93.86   94.07   93.92
    10: gb|JQ660099.1     90.55   90.73   90.86   92.14   91.79   91.86   98.34   99.93   99.93  100.00   99.93   92.76   92.63   92.98   92.98   93.39   93.88   94.09   94.00
    11: gb|KP128920.1     90.50   90.68   90.81   92.08   91.81   91.74   98.41  100.00  100.00   99.93  100.00   92.83   92.70   92.92   92.92   93.33   93.82   94.03   93.88
    12: ref|NR_043155.1   91.32   91.88   91.88   91.79   93.33   93.32   91.60   92.81   92.91   92.76   92.83  100.00  100.00   92.41   92.41   92.21   93.26   94.09   93.89
    13: gb|EU182830.1     90.98   91.32   91.32   91.62   93.25   93.25   91.24   92.63   92.70   92.63   92.70  100.00  100.00   92.29   92.29   93.01   93.09   93.90   93.83
    14: ref|NR_137420.1   91.36   91.92   91.74   91.95   93.04   93.45   91.58   92.81   92.86   92.98   92.92   92.41   92.29  100.00  100.00   93.85   94.37   94.24   93.87
    15: gb|JQ608330.2     91.36   91.92   91.74   91.95   93.04   93.45   91.58   92.81   92.86   92.98   92.92   92.41   92.29  100.00  100.00   93.85   94.37   94.24   93.87
    16: gb|KT756665.1     89.71   90.43   90.24   91.62   91.55   91.41   91.47   92.82   92.73   93.39   93.33   92.21   93.01   93.85   93.85  100.00   98.43   97.60   97.94
    17: gb|KF441601.1     90.47   91.69   91.63   92.53   92.33   91.98   92.51   93.78   93.86   93.88   93.82   93.26   93.09   94.37   94.37   98.43  100.00   98.73   98.89
    18: gb|KF441585.1     90.47   91.76   91.71   92.33   92.54   92.19   92.78   94.00   94.07   94.09   94.03   94.09   93.90   94.24   94.24   97.60   98.73  100.00   99.86
    19: gb|KU758888.1     90.38   91.16   91.32   91.88   92.30   92.02   92.21   93.87   93.92   94.00   93.88   93.89   93.83   93.87   93.87   97.94   98.89   99.86  100.00
